529120576079
68802443599
296022769723
76078076777
480616032991
947873523473
238102333409
387074784751
809589029573
598093564169
539604726779
674774634013
176155659587
164461865189
464062006657
742573566139
946437590083
335768084011
43542721421
189977647973
969651060803
109487160313
521818323277
77308555579
881360033531
502215835669
953951835449
326120300057
998696358133
150856037201
918229898447
907423822973
659671104997
255469808497
708431345161
127564950109
284989807147
938185177889
375132077953
489838585813
377110285169
187227741697
992888403103
207757234183
67713898981
22442231561
737026920037
505462879517
6298346317
553277646401
612341235019
673191060203
75848080019
439677694633
22965334939
456780037817
182873167391
297941569183
601150028519
131647133369
968980043573
129237542009
146759597471
755456078477
995062312589
220346730347
236183743573
638868181823
120319535443
207160579151
236312983061
173695907971
455372788243
67432104059
592284781019
451821492917
768805461143
970180077649
241282709279
414928891031
757346844521
78471170027
750762287567
770112161699
305679248041
167076548603
881555783161
497842174363
888475070683
820698394231
97653216743
421167197327
277911979769
542621728843
568284972193
801072289697
101955089833
527360563963
623017374769
614809673741
728898085957
687110232521
